Computation: 0.001700
Communication: 0.001390
Total: 0.003456
