Computation: 0.750322
Communication: 0.062431
Total: 0.827523
