Computation: 0.956834
Communication: 0.050425
Total: 1.026087
