Computation: 1.052764
Communication: 0.052768
Total: 1.139569
