Computation: 1.206024
Communication: 0.096453
Total: 1.331444
