Computation: 1.375382
Communication: 0.051520
Total: 1.461088
