Computation: 1.722810
Communication: 0.168946
Total: 1.951225
