Computation: 1.993294
Communication: 0.103456
Total: 2.141572
