Computation: 2.428284
Communication: 0.299727
Total: 2.870651
