Computation: 2.653144
Communication: 0.127116
Total: 2.833899
