Computation: 3.638537
Communication: 0.325904
Total: 4.085731
