Computation: 0.005476
Communication: 0.022628
Total: 0.028559
