Computation: 3.899617
Communication: 0.169945
Total: 4.127256
