Computation: 5.366700
Communication: 0.555199
Total: 5.998927
