Computation: 5.358393
Communication: 0.183535
Total: 5.593422
