Computation: 7.420806
Communication: 0.345128
Total: 7.837329
