Computation: 6.764254
Communication: 0.377768
Total: 7.219455
