Computation: 9.509285
Communication: 0.189657
Total: 9.748047
