Computation: 8.006976
Communication: 0.148267
Total: 8.248572
