Computation: 11.516408
Communication: 0.195914
Total: 11.760687
