Computation: 10.423312
Communication: 0.266050
Total: 10.747779
