Computation: 13.480161
Communication: 0.422415
Total: 14.011737
