Computation: 0.009923
Communication: 0.006094
Total: 0.016741
