Computation: 11.116101
Communication: 0.540713
Total: 11.748701
