Computation: 0.018884
Communication: 0.002706
Total: 0.022699
