Computation: 0.026661
Communication: 0.034558
Total: 0.062337
