Computation: 0.046159
Communication: 0.004815
Total: 0.052606
