Computation: 0.061770
Communication: 0.037025
Total: 0.100643
