Computation: 0.088967
Communication: 0.016438
Total: 0.107896
