Computation: 0.000273
Communication: 0.001533
Total: 0.001957
