Computation: 0.120942
Communication: 0.010094
Total: 0.133943
