Computation: 0.116194
Communication: 0.011891
Total: 0.132189
