Computation: 0.151254
Communication: 0.034328
Total: 0.190735
