Computation: 0.189803
Communication: 0.044085
Total: 0.240206
