Computation: 0.240382
Communication: 0.018753
Total: 0.266130
