Computation: 0.310580
Communication: 0.035265
Total: 0.353763
