Computation: 0.374396
Communication: 0.027042
Total: 0.411387
