Computation: 0.478274
Communication: 0.046509
Total: 0.535437
