Computation: 0.553322
Communication: 0.051618
Total: 0.617379
