Computation: 0.672111
Communication: 0.103369
Total: 0.789301
