Computation: 0.004632
Communication: 0.000664
Total: 0.005900
