Computation: 3.264483
Communication: 0.070319
Total: 3.418452
