Computation: 7.659975
Communication: 0.705583
Total: 9.211988
