Computation: 13.677871
Communication: 0.010003
Total: 13.706518
