Computation: 25.603261
Communication: 0.035517
Total: 25.659239
