Computation: 22.224129
Communication: 0.140778
Total: 22.760358
