Computation: 30.373531
Communication: 0.095591
Total: 30.502406
