Computation: 39.333795
Communication: 1.061362
Total: 41.453313
