Computation: 35.113511
Communication: 0.023138
Total: 35.171384
