Computation: 50.049927
Communication: 2.993175
Total: 54.611332
