Computation: 55.565775
Communication: 0.033056
Total: 55.652741
