Computation: 0.013918
Communication: 0.000150
Total: 0.014595
