Computation: 64.032260
Communication: 0.122944
Total: 64.234338
