Computation: 70.324799
Communication: 0.034161
Total: 70.422546
