Computation: 76.661870
Communication: 6.230180
Total: 89.467480
