Computation: 85.235164
Communication: 6.047977
Total: 98.491116
