Computation: 93.298224
Communication: 0.037287
Total: 93.400431
