Computation: 101.630673
Communication: 9.062152
Total: 119.794327
