Computation: 111.490747
Communication: 9.672680
Total: 130.454669
