Computation: 139.374809
Communication: 0.032850
Total: 139.466005
