Computation: 125.359081
Communication: 9.103042
Total: 145.760552
