Computation: 241.057851
Communication: 1.037588
Total: 242.190078
