Computation: 0.021028
Communication: 0.000745
Total: 0.022398
