Computation: 156.828548
Communication: 0.446355
Total: 157.921811
