Computation: 0.039762
Communication: 0.004387
Total: 0.048733
