Computation: 0.069560
Communication: 0.008464
Total: 0.083874
