Computation: 0.110631
Communication: 0.003836
Total: 0.117603
