Computation: 0.173381
Communication: 0.002700
Total: 0.178499
