Computation: 0.263454
Communication: 0.026738
Total: 0.317215
