Computation: 0.000772
Communication: 0.000083
Total: 0.000933
