Computation: 0.347180
Communication: 0.005273
Total: 0.356164
