Computation: 0.494480
Communication: 0.003668
Total: 0.503173
