Computation: 0.599738
Communication: 0.058182
Total: 0.715745
