Computation: 0.818846
Communication: 0.078545
Total: 0.976153
