Computation: 0.968508
Communication: 0.023649
Total: 1.001153
