Computation: 1.276904
Communication: 0.125997
Total: 1.556331
