Computation: 2.108398
Communication: 0.007858
Total: 2.126281
