Computation: 1.880771
Communication: 0.005675
Total: 1.897804
