Computation: 2.243289
Communication: 0.006804
Total: 2.262858
