Computation: 2.871496
Communication: 0.007233
Total: 2.892906
