Computation: 0.003587
Communication: 0.000569
Total: 0.004405
