Computation: 1.419299
Communication: 0.070605
Total: 1.504713
