Computation: 1.810871
Communication: 0.185855
Total: 2.222471
