Computation: 2.174405
Communication: 0.102431
Total: 2.305127
