Computation: 2.801726
Communication: 0.270886
Total: 3.166591
