Computation: 2.602303
Communication: 0.120892
Total: 2.757893
