Computation: 3.848603
Communication: 0.295135
Total: 4.234594
