Computation: 4.023027
Communication: 0.482372
Total: 4.672525
