Computation: 5.568067
Communication: 0.568170
Total: 6.332836
