Computation: 4.894297
Communication: 0.468927
Total: 5.818287
