Computation: 7.514790
Communication: 0.901580
Total: 8.913611
