Computation: 0.010509
Communication: 0.001024
Total: 0.011931
