Computation: 7.640284
Communication: 0.098387
Total: 7.809623
