Computation: 11.418913
Communication: 0.020874
Total: 11.499765
