Computation: 23.085482
Communication: 0.737889
Total: 24.402759
