Computation: 17.264722
Communication: 0.042856
Total: 17.361350
