Computation: 21.156892
Communication: 1.196909
Total: 22.404862
