Computation: 27.892747
Communication: 0.034180
Total: 27.971750
