Computation: 15.892551
Communication: 0.103337
Total: 16.053036
