Computation: 20.286541
Communication: 2.264513
Total: 24.359630
