Computation: 70.065314
Communication: 0.035993
Total: 70.154059
