Computation: 32.063344
Communication: 3.964704
Total: 37.034011
