Computation: 0.018596
Communication: 0.003335
Total: 0.023543
