Computation: 28.075495
Communication: 0.069088
Total: 28.202268
