Computation: 0.033070
Communication: 0.004663
Total: 0.041052
