Computation: 0.040843
Communication: 0.001855
Total: 0.043825
