Computation: 0.059644
Communication: 0.008693
Total: 0.071644
