Computation: 0.088471
Communication: 0.004525
Total: 0.095240
