Computation: 0.120883
Communication: 0.016085
Total: 0.142563
