Computation: 0.000519
Communication: 0.000271
Total: 0.000930
