Computation: 0.170154
Communication: 0.009456
Total: 0.183861
