Computation: 0.240358
Communication: 0.011791
Total: 0.256476
