Computation: 0.301631
Communication: 0.013479
Total: 0.320360
