Computation: 0.414562
Communication: 0.022318
Total: 0.442547
