Computation: 0.497064
Communication: 0.015158
Total: 0.519540
