Computation: 0.643744
Communication: 0.024486
Total: 0.676448
