Computation: 0.726829
Communication: 0.103092
Total: 0.868232
