Computation: 0.938905
Communication: 0.019137
Total: 0.968063
