Computation: 1.063914
Communication: 0.033534
Total: 1.112882
