Computation: 1.311560
Communication: 0.069983
Total: 1.420025
